626
87
672
557
165
679
114
714
394
263
437
360
159
788
352
550
756
326
770
489
887
412
891
245
419
465
460
319
95
762
658
886
591
12
470
855
929
760
908
368
865
184
899
914
856
392
515
284
292
518
222
699
690
759
730
722
327
546
975
969
458
270
652
508
567
90
408
428
644
100
107
403
958
605
426
646
195
66
610
145
614
627
252
716
224
915
277
490
329
467
144
128
491
779
282
899
665
165
634
242
979
731
681
858
614
632
797
970
364
995
577
890
348
400
500
537
141
305
925
329
959
202
400
218
608
851
486
665
875
568
565
482
63
693
882
79
312
251
557
593
900
857
605
75
58
331
186
557
251
583
129
689
708
933
899
165
131
779
805
93
306
130
770
733
356
913
168
468
765
208
509
186
95
568
980
447
872
482
329
433
64
636
496
145
119
870
712
24
815
599
805
614
68
705
898
271
220
493
491
17
134
516
662
176
446
854
890
360
420
415
807
807
611
424
448
874
496
834
942
96
310
914
265
652
984
884
359
594
40
543
732
280
226
420
370
596
926
921
911
897
827
925
577
647
948
898
286
736
568
710
612
132
583
499
401
813
321
400
388
915
369
682
698
479
102
309
720
672
560
711
887
435
828
343
836
535
480
204
242
209
111
897
212
458
997
724
393
963
19
172
964
865
266
544
833
455
579
517
85
643
851
341
893
484
708
892
661
468
530
671
520
221
267
574
382
79
871
321
464
230
56
870
103
54
689
791
890
652
972
829
308
67
204
526
770
863
217
626
33
527
388
573
427
843
436
650
774
78
808
592
310
152
385
46
905
861
510
993
461
783
372
219
608
776
867
260
241
853
968
363
948
745
189
931
985
611
245
711
524
154
173
622
763
922
50
158
463
529
214
785
766
722
160
733
57
557
454
208
455
119
877
540
705
490
772
448
394
756
958
888
463
887
336
395
142
249
19
301
255
89
339
764
995
901
426
546
360
453
734
512
282
557
181
401
259
408
283
288
677
628
856
857
613
832
985
170
195
429
811
867
241
743
835
393
694
561
381
495
208
268
413
961
701
392
725
845
635
607
747
250
565
881
810
554
23
499
921
555
9
986
533
651
951
266
716
881
875
924
42
144
814
307
204
172
146
454
903
207
995
641
954
955
307
295
998
245
266
233
258
465
943
970
149
413
334
405
264
908
316
833
574
914
324
790
630
936
733
636
297
177
892
347
870
682
919
77
538
858
36
95
712
67
998
114
301
752
447
791
792
883
649
478
152
428
111
595
483
907
42
584
688
673
131
231
355
208
385
274
357
367
657
102
374
356
659
830
413
554
792
932
867
270
773
867
925
125
342
854
398
949
923
918
877
992
774
964
261
933
181
794
452
883
975
121
225
606
40
79
825
547
885
345
307
367
852
581
541
716
972
138
193
898
286
567
968
76
254
736
118
352
534
329
52
270
854
252
716
840
542
191
217
611
376
410
280
391
443
343
764
683
744
278
999
119
908
807
807
241
92
504
754
807
603
327
717
931
560
410
417
547
136
494
370
89
731
673
463
25
993
767
841
836
764
403
809
146
776
619
50
291
13
537
624
500
441
372
743
448
552
934
868
8
435
250
672
596
145
405
114
1000
806
724
202
849
749
944
82
739
908
756
686
344
431
719
782
882
499
365
813
669
232
950
310
699
986
218
186
907
771
617
308
837
786
672
327
173
747
813
456
955
479
477
102
29
792
750
16
784
434
333
283
52
73
2
943
420
658
647
482
774
688
96
122
928
67
824
260
339
356
266
369
245
668
389
857
174
990
505
641
828
443
995
466
357
126
641
684
794
564
537
774
107
205
595
178
29
979
218
472
45
101
139
433
21
718
73
838
231
834
111
297
37
118
636
503
697
228
665
836
106
501
937
258
46
370
393
326
175
458
974
586
18
324
478
776
960
120
124
911
192
835
237
176
647
316
23
338
636
260
639
381
18
599
627
13
372
579
123
127
355
241
846
936
236
245
743
553
125
421
857
192
722
174
801
75
651
742
284
111
875
604
454
777
795
23
609
483
216
415
102
113
344
251
561
513
408
826
653
768
104
294
758
406
311
399
881
137
18
336
397
558
890
976
624
75
903
233
230
751
118
78
675
83
218
167
39
273
449
33
451
187
867
260
314
814
635
863
91
676
660
543
328
306
975
392
425
963
949
131
767
388
816
934
916
829
382
837
866
428
446
279
282
147
841
736
799
859
728
459
776
118
457
571
101
154
429
994
37
486
307
313
313
74
78
820
813
659
326
356
891
550
969
411
598
66
334
449
874
687
143
376
905
274
639
425
987
79
675
752
585
10
588
865
133
597
849
675
973
529
668
438
536
933
866
506
497
614
968
684
794
120
721
828
153
595
125
732
393
547
942
969
579
267
704
747
408
428
724
146
603
172
811
728
121
931
269
137
262
208
125
404
752
178
499
150
16
703
255
311
265
305
508
530
192
27
296
589
276
857
278
780
666
541
256
323
950
917
839
545
975
401
42
165
319
267
556
550
672
361
41
198
584
23
898
852
492
3
976
255
649
481
144
961
968
898
904
817
739
15
75
178
215
877
130
827
121
220
28
942
970
227
494
210
608
255
213
570
15
402
283
396
542
432
564
103
546
774
782
419
344
306
112
289
523
325
559
494
712
924
710
226
940
599
721
726
250
458
172
556
224
864
130
98
205
232
693
396
778
89
21
997
17
732
191
630
681
355
766
125
639
179
414
692
700
381
612
340
380
726
866
878
346
97
558
524
674
587
118
250
988
508
886
977
104
861
948
824
922
316
79
896
927
226
604
556
971
730
483
303
147
52
313
608
778
741
154
672
452
880
182
627
852
869
585
299
492
776
861
846
91
469
609
605
348
593
366
466
641
610
773
595
582
451
641
53
412
488
46
266
668
205
739
665
741
630
985
401
330
621
752
990
798
528
580
445
110
465
624
532
440
910
36
494
26
406
380
812
89
639
856
991
779
381
44
275
907
33
868
183
951
696
297
265
484
178
794
394
839
906
276
930
562
276
761
891
25
317
908
986
711
919
165
731
254
880
155
954
861
392
833
165
268
507
228
934
642
678
269
591
429
980
599
957
873
986
86
386
648
416
174
810
375
668
877
431
689
994
847
689
477
442
942
347
157
208
925
115
126
785
139
10
13
844
142
254
837
648
765
789
948
473
982
747
688
655
365
314
524
436
610
476
225
69
671
725
597
349
654
178
2
33
391
373
35
793
691
763
566
652
381
764
916
570
971
638
210
525
133
436
131
672
398
353
386
879
215
401
985
429
728
319
495
727
475
740
444
681
894
878
327
915
815
491
809
135
388
289
476
856
696
136
966
395
792
488
223
252
805
847
343
823
774
832
565
997
182
926
529
658
695
849
323
836
48
935
441
509
818
965
889
2
303
810
144
512
724
85
315
141
237
334
319
98
992
419
705
915
141
848
598
560
145
620
600
100
402
223
887
698
70
80
812
485
295
707
919
157
723
228
708
431
689
898
157
716
908
12
374
427
897
260
30
797
959
966
814
742
557
971
499
954
869
68
502
50
372
179
10
444
148
612
894
97
272
35
400
437
312
784
555
893
982
108
820
831
628
909
283
743
968
862
543
1000
712
657
768
95
584
462
166
785
797
735
430
320
223
624
235
615
102
380
783
765
496
381
767
184
30
966
751
676
34
13
616
429
374
328
658
196
242
808
283
145
86
900
939
966
678
36
337
769
701
584
809
476
564
884
870
251
875
927
722
134
137
75
250
914
578
832
8
21
20
773
357
929
606
701
13
601
654
429
405
150
372
333
94
323
493
867
538
677
424
544
274
230
27
708
150
373
917
216
719
614
413
858
364
23
698
270
489
478
336
19
161
94
621
641
937
850
52
551
963
452
153
415
684
259
452
48
72
261
625
813
410
692
145
466
855
76
666
330
320
315
708
289
784
850
958
383
474
612
922
774
83
791
210
595
547
138
982
186
25
591
790
116
411
17
900
749
927
486
193
374
521
182
61
565
704
20
918
175
695
503
734
149
914
893
338
877
697
896
560
53
348
311
726
120
274
903
642
95
423
161
454
87
725
621
791
879
22
278
907
259
604
41
827
205
91
742
960
436
976
272
882
868
558
87
363
287
401
425
729
171
501
160
592
613
39
939
808
917
910
11
634
463
164
577
894
697
49
485
20
161
405
383
143
345
12
13
21
140
229
122
40
17
80
9
214
695
889
901
708
890
801
510
791
342
266
797
420
511
717
19
763
885
399
785
495
143
405
672
244
479
40
554
504
894
502
106
901
980
983
275
972
303
73
912
288
46
601
631
696
714
486
340
235
990
452
997
49
582
247
382
158
70
370
297
969
354
84
315
679
643
908
824
362
418
277
599
322
423
436
57
615
252
871
702
8
743
999
994
950
369
803
512
879
890
267
579
855
100
358
20
611
478
897
21
921
229
495
699
970
942
238
795
590
665
110
66
999
875
863
480
987
388
711
215
933
914
816
369
312
727
929
904
124
481
566
850
852
398
601
58
423
380
737
976
911
457
673
772
368
708
408
542
723
310
722
236
620
56
463
885
908
661
832
910
412
663
1
713
21
40
348
510
568
317
496
397
999
91
315
401
611
225
388
736
53
499
631
46
920
221
962
907
998
900
4
753
72
697
974
430
120
46
287
801
858
518
5
529
55
487
462
256
705
185
221
208
777
534
98
42
227
993
859
716
906
817
277
628
977
223
813
920
396
291
449
24
117
825
794
990
491
37
517
802
557
26
75
946
607
87
511
516
605
672
872
515
496
361
477
789
863
961
341
595
871
868
600
293
329
762
864
913
604
733
593
351
624
352
438
703
508
211
35
754
674
985
173
475
993
318
612
13
348
400
655
653
37
444
338
121
956
924
998
187
999
140
724
448
962
974
374
862
165
859
532
921
237
191
629
673
605
944
970
537
637
894
961
45
561
230
570
51
150
966
719
372
966
473
326
639
551
393
172
627
642
981
46
787
397
704
672
776
24
39
975
197
781
844
200
855
835
540
539
301
671
538
82
585
380
929
916
854
31
158
543
510
363
513
360
289
397
119
961
370
543
268
152
874
872
577
267
861
639
559
407
707
753
340
902
9
150
793
60
245
300
44
860
889
922
448
494
218
39
3
486
827
604
575
602
629
806
437
259
617
457
999
735
663
304
632
357
823
428
713
532
770
783
862
463
307
202
710
542
395
190
793
767
633
194
755
491
328
163
692
759
246
39
544
664
584
324
761
303
355
664
117
37
878
142
449
767
927
578
43
776
348
505
863
150
145
881
755
220
390
705
461
721
244
548
843
565
406
466
220
165
518
992
155
481
312
693
918
906
403
353
134
534
84
94
101
958
882
538
97
402
559
766
393
879
421
275
935
162
864
531
972
414
48
749
251
71
214
610
515
558
871
246
52
114
359
213
698
678
244
373
1
548
54
498
423
212
945
28
738
741
347
859
763
510
801
935
159
896
61
281
584
724
313
812
950
331
25
304
302
499
667
987
649
56
310
470
903
407
190
205
237
124
360
801
619
492
120
608
173
990
85
733
575
976
360
958
596
985
220
84
707
861
600
444
206
486
786
746
979
250
636
264
115
73
632
972
60
991
506
54
674
734
229
942
352
60
222
438
482
406
854
757
409
3
152
99
929
384
834
410
440
681
171
507
878
307
906
922
827
280
381
332
195
393
459
374
860
12
812
57
476
908
545
226
237
418
532
668
657
174
43
16
359
707
105
66
443
997
713
884
425
630
968
241
59
483
872
380
34
391
218
11
360
827
623
795
506
666
55
705
359
239
40
846
124
407
315
903
470
18
660
299
200
388
41
372
630
422
881
449
251
146
577
360
878
937
141
713
82
869
458
875
960
501
602
963
589
692
939
976
114
767
118
6
217
366
961
243
840
961
690
808
213
132
332
322
718
722
208
123
879
233
17
406
800
789
562
759
610
342
946
764
536
451
624
832
780
524
601
763
155
862
882
943
915
931
91
196
32
151
594
735
709
379
907
207
572
762
578
215
730
998
756
88
547
961
483
468
265
259
586
382
177
714
52
205
272
644
788
684
808
535
490
694
502
597
551
511
168
331
97
709
31
1000
336
857
874
797
432
594
517
572
972
762
225
933
17
909
73
736
941
145
687
877
194
765
597
634
163
35
123
639
978
650
739
210
21
824
469
681
443
527
983
728
829
793
69
402
172
405
627
37
336
210
501
75
186
156
491
440
858
844
313
628
484
114
262
1
7
29
775
151
683
663
106
420
394
660
678
609
936
560
114
243
508
246
697
973
675
460
43
637
804
702
180
853
377
561
932
992
243
172
167
261
74
994
986
423
797
593
378
770
79
688
223
223
341
523
914
137
928
935
743
80
765
528
548
662
755
360
534
906
684
114
35
252
820
86
918
875
414
515
743
191
108
21
293
754
340
630
666
175
732
992
779
576
529
406
763
778
412
50
544
188
359
119
134
678
737
179
286
370
846
939
407
37
623
824
372
942
565
71
199
354
894
810
403
534
838
258
864
886
335
755
560
896
801
524
464
171
519
606
81
528
650
834
450
388
28
412
720
701
406
625
202
874
788
895
387
532
706
185
377
956
920
99
148
15
133
796
570
186
606
437
648
142
948
749
817
846
223
523
886
570
297
484
369
644
245
187
820
710
333
814
416
416
983
847
537
839
659
123
12
684
959
790
643
801
125
469
168
187
277
997
917
478
185
209
953
612
476
439
85
384
345
566
20
16
436
521
887
3
209
29
761
272
362
155
179
948
157
87
434
688
280
239
388
361
1
506
936
184
740
298
260
773
264
526
124
575
319
51
169
419
549
859
336
692
444
370
401
375
942
513
638
117
84
287
834
295
692
472
516
224
496
426
600
198
736
343
672
64
692
142
651
318
765
502
513
549
297
417
204
622
83
886
148
942
155
450
810
810
451
124
771
402
707
926
267
696
246
405
792
361
263
789
69
811
754
977
380
961
629
92
74
926
739
53
66
570
249
848
588
797
36
814
557
570
135
864
571
954
112
660
246
746
560
730
323
399
407
492
381
237
15
392
310
619
362
278
510
971
305
934
126
327
445
1
7
65
579
87
99
864
812
976
132
148
982
297
33
31
673
956
829
9
574
244
121
193
855
153
186
135
925
688
338
215
781
935
791
797
989
599
923
940
891
697
130
182
316
235
519
857
721
279
489
671
416
349
16
246
744
862
153
15
944
149
148
559
976
858
995
617
534
415
264
63
961
793
352
575
406
405
569
288
443
506
218
967
696
404
324
93
835
139
319
683
57
766
999
369
36
236
252
897
902
591
330
798
828
182
734
745
415
166
347
827
372
905
126
836
162
550
441
738
257
455
565
221
565
327
221
135
404
930
847
449
309
960
962
657
622
438
760
64
980
548
692
341
910
150
636
800
845
387
852
796
356
263
7
165
413
328
512
406
881
637
745
467
338
343
464
387
541
564
725
944
902
582
138
690
736
24
23
38
316
151
769
258
245
299
228
918
807
100
109
463
657
630
997
916
71
38
988
332
146
557
685
835
940
901
47
332
356
611
434
53
227
507
522
288
600
148
839
111
825
701
660
311
22
447
60
871
504
551
235
829
329
472
243
681
103
497
842
447
829
831
560
284
607
366
619
170
746
874
410
759
179
263
786
53
882
731
556
240
348
735
958
862
7
757
564
543
521
757
473
972
901
751
784
749
83
390
516
110
710
531
955
301
289
938
94
363
171
967
777
644
830
842
316
466
359
144
904
586
634
269
306
460
422
910
861
261
426
267
311
525
681
952
54
920
296
966
817
309
870
794
379
589
612
32
647
894
392
991
378
192
10
297
440
433
94
826
777
451
850
526
928
520
595
435
505
256
998
175
488
704
352
66
224
748
602
615
3
975
231
599
809
464
338
649
722
307
637
531
559
609
961
339
348
957
230
890
585
414
348
408
85
367
906
991
244
849
980
812
151
256
829
189
960
254
31
233
536
144
28
1
904
59
887
865
385
478
85
34
417
545
300
555
662
492
285
897
191
78
912
297
760
337
169
43
849
773
749
427
425
285
162
354
883
589
338
683
20
345
747
117
122
680
940
958
845
610
1
947
687
885
334
395
127
252
875
485
334
454
156
883
815
240
61
712
793
711
709
941
366
403
40
287
710
686
15
379
338
575
852
946
261
331
357
892
12
972
691
191
957
327
355
454
808
74
502
983
43
193
587
385
391
390
473
859
973
589
159
264
453
359
357
403
557
864
743
659
680
426
9
936
883
491
479
655
356
684
798
62
492
614
25
330
688
301
183
772
5
462
471
844
552
364
792
717
949
223
160
658
450
104
968
745
710
105
340
236
68
737
90
197
870
822
361
679
206
793
900
513
249
150
768
447
542
941
900
517
464
636
587
552
705
767
545
594
544
882
895
55
36
33
468
585
925
541
130
328
796
97
892
959
260
379
14
606
822
367
235
426
411
200
824
995
783
458
741
16
207
646
914
737
775
501
902
174
160
700
390
168
873
586
836
34
267
142
578
15
204
583
411
488
699
495
95
851
42
889
351
471
367
159
168
594
521
7
165
440
949
641
277
53
249
804
543
704
575
945
905
100
294
866
652
387
974
576
451
824
938
957
336
724
174
988
608
361
247
222
976
898
780
832
872
612
545
334
193
378
143
527
36
378
419
85
187
51
348
885
972
818
845
665
672
170
506
409
189
682
439
430
769
374
518
740
997
866
585
158
679
569
564
292
618
912
510
192
865
668
930
732
681
961
18
596
575
909
270
791
935
782
654
302
401
739
575
106
672
76
497
359
425
694
751
236
525
791
684
408
664
564
801
434
459
442
49
548
726
726
16
201
805
552
126
646
899
287
955
630
166
463
839
390
692
871
707
654
243
347
178
983
118
996
180
831
743
249
121
141
123
437
678
244
515
102
463
742
44
4
461
392
140
261
950
778
625
821
461
661
156
979
790
858
918
844
957
156
952
570
484
903
49
21
455
209
868
897
177
86
84
904
643
134
71
839
724
417
951
765
354
510
695
532
493
212
445
851
671
198
804
481
822
69
371
604
254
979
473
171
920
302
142
556
319
779
633
690
49
594
37
478
619
422
506
488
615
76
454
935
763
565
366
797
748
795
377
484
14
177
489
478
425
116
340
282
353
17
198
733
533
4
397
526
238
133
913
664
472
521
158
575
661
653
238
15
985
459
73
982
732
255
647
558
565
405
124
678
617
1000
37
714
853
983
328
119
765
364
178
129
717
491
473
199
480
324
841
745
32
88
490
415
923
707
76
591
994
988
109
455
283
256
719
251
702
309
37
240
601
867
247
612
830
24
922
971
754
279
685
894
655
594
794
908
406
404
725
418
672
846
328
780
74
453
36
660
698
304
834
656
520
586
8
331
763
31
143
64
590
84
810
33
365
129
543
502
510
835
138
547
372
623
236
428
202
45
268
307
999
983
540
109
948
839
832
790
252
597
949
727
677
956
530
414
226
495
845
746
79
437
379
813
197
831
723
705
659
97
144
794
895
557
58
98
292
823
289
302
504
89
512
849
885
958
631
532
610
37
40
505
749
51
394
591
303
699
499
579
756
560
341
688
936
595
368
925
752
609
61
923
304
355
413
601
448
536
711
339
208
484
213
614
259
435
645
118
528
875
721
19
871
600
545
581
69
611
330
139
942
328
500
592
540
32
330
323
747
152
21
87
298
7
798
476
909
206
622
718
292
509
522
873
121
142
983
1
529
331
800
655
686
453
243
174
576
702
298
758
459
985
505
959
325
53
911
192
28
117
476
312
70
210
82
640
463
973
107
252
142
695
737
613
639
701
952
115
863
645
370
353
613
190
311
884
350
486
421
501
232
596
857
549
232
92
836
249
129
98
429
385
876
57
467
294
344
902
661
968
705
772
633
616
377
630
166
77
385
775
618
369
666
473
202
150
306
965
490
423
190
446
324
543
42
900
615
936
853
303
931
985
261
4
637
511
175
667
775
945
380
173
553
945
730
403
872
565
582
152
379
680
869
940
226
624
260
172
600
741
492
314
20
758
941
145
992
98
642
835
652
217
214
424
447
604
92
579
515
37
825
735
372
395
398
32
712
942
700
119
445
662
377
129
121
953
449
667
168
727
681
399
585
136
666
644
810
188
95
767
51
417
867
241
852
294
583
704
243
78
95
726
746
818
814
831
145
748
70
660
562
135
485
264
707
877
672
963
767
366
955
851
240
7
343
578
558
461
639
329
586
181
928
451
393
39
377
706
834
809
198
117
5
217
786
551
201
893
967
22
319
290
340
214
630
449
302
92
69
234
99
622
126
47
86
481
423
756
296
789
597
137
79
520
356
151
875
199
984
782
635
548
361
718
327
649
288
167
642
181
577
177
213
245
970
14
494
759
265
821
358
879
854
372
386
45
966
189
345
392
618
991
129
27
816
281
531
144
118
855
113
61
173
957
371
676
713
633
496
945
336
882
298
464
409
390
282
657
892
896
76
415
505
33
423
225
843
135
897
90
850
298
815
250
244
703
469
462
621
1000
160
750
700
407
98
828
936
72
90
783
181
683
951
711
102
114
889
857
494
102
37
544
321
715
690
740
351
272
386
842
337
16
244
406
271
731
497
416
561
260
268
177
889
320
86
420
980
730
43
587
184
590
891
77
903
231
388
219
512
864
592
638
909
72
283
825
208
108
515
210
88
63
622
815
868
396
908
396
310
325
902
452
277
745
948
559
920
609
301
947
633
650
137
292
249
780
550
661
186
110
56
553
45
148
60
614
630
870
769
442
510
410
105
33
699
57
716
103
324
580
495
722
630
120
236
278
370
663
352
271
658
717
191
993
828
73
113
807
63
317
623
477
123
140
303
204
548
425
799
878
25
690
583
678
743
10
890
287
131
187
726
932
174
10
588
479
67
131
400
959
438
85
36
91
469
990
1000
836
225
64
16
737
938
37
543
63
961
156
716
933
359
361
983
515
964
96
312
861
939
187
779
41
792
43
49
260
952
457
175
514
14
528
104
729
842
254
418
898
177
342
586
361
802
393
837
473
732
257
270
542
401
756
406
286
704
455
63
880
85
221
335
81
675
1
663
255
36
543
276
471
823
562
938
642
713
96
567
686
164
652
712
639
808
444
499
333
181
687
139
665
345
696
669
558
914
302
346
34
672
105
980
334
317
812
93
679
223
595
57
816
649
977
97
323
700
302
621
702
577
314
11
711
203
331
696
640
9
564
112
456
82
634
696
411
947
507
974
67
542
911
55
178
132
403
842
460
848
259
64
557
326
742
649
450
937
658
730
129
282
417
382
436
401
514
683
653
239
841
430
710
668
128
236
234
495
6
367
614
294
534
423
198
715
499
319
931
246
603
207
184
320
962
327
220
520
61
336
248
310
483
798
987
788
335
508
907
235
35
781
116
102
274
437
794
757
226
283
548
482
497
736
568
848
343
336
613
517
681
299
399
507
120
758
899
72
733
832
939
937
303
875
518
573
401
603
972
251
941
394
170
991
671
14
402
169
793
359
869
395
685
836
26
771
583
529
135
546
393
178
807
58
250
80
134
867
359
404
366
893
823
486
44
785
688
631
937
89
317
375
728
494
608
207
370
130
743
902
244
126
319
388
959
165
333
480
595
506
39
875
353
501
608
923
989
493
698
808
143
810
591
984
91
514
748
829
585
509
86
604
531
637
960
388
606
754
799
338
446
353
715
669
903
217
759
71
684
992
115
487
98
88
303
343
756
195
736
176
780
517
496
427
990
802
42
556
622
730
380
420
856
93
554
529
213
221
136
751
996
364
93
749
356
61
588
474
390
255
70
463
215
176
225
823
869
90
185
93
429
44
535
772
972
95
823
866
609
565
39
731
728
509
130
625
213
196
161
912
75
967
514
804
851
139
491
84
733
542
120
971
758
352
623
348
777
681
497
440
685
525
64
947
355
246
703
719
892
115
942
72
310
482
603
253
587
323
656
994
282
86
353
169
608
96
547
762
311
864
985
349
150
735
228
608
554
408
385
859
176
952
823
675
314
778
994
583
779
294
449
822
66
207
152
526
975
957
762
290
860
215
580
407
551
998
391
514
802
959
281
989
791
695
38
401
669
587
763
619
674
729
828
784
681
549
328
605
913
292
797
65
641
204
721
112
647
768
931
95
655
396
926
145
170
51
927
108
581
111
431
13
641
649
182
863
506
619
921
486
329
325
245
649
510
305
652
660
172
85
260
883
457
52
40
368
399
405
822
781
676
538
36
290
353
671
884
705
65
342
9
439
888
597
776
957
679
639
800
208
160
287
176
777
891
277
438
82
793
99
650
103
716
747
245
14
806
639
222
754
419
794
980
757
44
865
570
466
221
564
641
161
555
46
775
131
169
763
181
420
395
531
767
525
577
310
355
753
503
116
417
675
161
689
39
948
223
357
850
938
926
807
530
452
760
581
339
735
656
387
879
949
879
843
265
847
425
133
646
832
799
349
290
996
690
994
766
355
418
989
300
682
728
21
84
882
530
792
215
523
457
267
818
895
549
78
114
996
317
872
32
736
360
202
350
695
137
313
10
538
225
678
67
372
246
934
270
562
201
561
615
931
48
272
488
226
842
608
400
764
922
129
330
740
461
903
522
210
347
840
69
570
437
99
192
836
323
504
758
401
966
930
821
613
972
255
409
487
178
144
245
700
825
658
354
227
915
289
646
765
761
850
248
22
174
242
246
344
473
380
91
640
180
986
716
408
580
821
862
891
99
504
641
199
989
945
694
786
612
177
130
409
346
655
720
819
518
698
127
359
652
833
46
852
975
28
357
16
194
367
945
61
560
453
291
114
585
521
486
460
148
136
407
569
779
504
353
554
446
40
573
758
442
643
407
477
934
235
2
906
86
994
402
155
462
550
984
828
947
957
162
776
894
333
270
214
113
149
785
59
350
428
665
913
690
101
987
462
129
109
652
959
366
216
574
225
66
184
691
16
435
332
265
414
262
457
302
806
251
133
91
279
348
857
185
433
207
127
263
604
93
654
253
376
362
615
909
842
945
676
653
250
804
403
96
453
842
166
446
145
67
480
43
520
959
902
294
494
217
4
762
329
843
385
575
849
48
629
554
75
51
528
150
660
897
883
45
65
659
172
374
24
929
346
5
520
658
849
762
265
83
23
638
487
214
794
986
120
175
355
323
676
490
19
41
157
488
164
149
222
234
598
810
999
978
270
182
6
866
419
502
554
287
289
538
79
291
892
182
527
318
618
240
786
633
824
977
1
245
619
558
354
812
221
13
454
987
716
415
82
434
653
819
28
538
533
450
486
279
939
325
372
270
113
349
918
398
405
595
979
629
246
777
58
852
829
815
783
404
971
796
74
396
660
424
156
114
97
841
578
22
648
151
260
237
184
933
234
697
498
492
775
356
841
153
753
510
386
862
552
46
305
542
597
779
149
226
607
793
436
826
686
492
861
759
306
125
358
950
655
264
978
646
377
319
346
773
830
607
248
336
586
337
413
503
32
730
924
591
606
76
817
83
982
432
864
313
628
353
430
543
847
216
153
31
385
408
914
735
298
669
807
31
734
152
201
786
281
752
654
423
220
595
303
520
1
812
590
72
481
192
347
628
97
996
994
520
344
479
971
479
311
932
869
324
302
113
99
61
81
884
724
136
885
566
157
74
223
839
180
280
923
219
363
221
482
431
555
557
396
808
415
831
699
224
215
567
471
784
750
561
371
637
318
509
782
69
860
698
47
600
864
568
920
447
800
888
455
367
929
560
819
402
542
33
238
166
39
283
240
744
444
773
571
600
917
474
953
615
747
533
961
537
133
705
790
523
118
417
413
350
912
826
312
197
937
381
924
612
585
309
503
65
483
383
606
120
812
28
486
369
513
387
530
557
993
684
37
103
696
296
880
732
17
368
628
683
292
934
611
330
605
168
220
341
523
996
201
854
980
855
444
217
147
1000
620
671
700
309
622
488
225
781
904
297
145
180
505
712
540
215
640
684
183
738
579
526
584
877
657
989
595
989
601
169
777
83
896
901
246
362
994
117
263
136
389
665
82
430
119
968
657
318
365
336
509
562
826
490
132
329
593
969
647
845
190
322
28
318
619
344
953
55
533
486
220
864
150
894
197
329
166
698
394
153
889
443
509
736
738
821
935
637
374
93
121
438
337
227
617
520
797
416
191
547
252
389
452
696
589
583
826
276
297
674
9
889
583
475
721
741
912
871
425
555
602
794
938
715
401
389
537
306
515
64
245
886
317
505
252
475
475
370
944
395
917
482
474
185
59
351
382
948
774
839
635
132
249
508
553
930
20
910
600
417
478
39
869
35
6
655
106
884
44
647
937
967
743
279
51
975
610
862
416
247
72
259
152
847
94
707
191
841
866
99
891
4
588
337
132
21
858
954
343
43
250
977
772
625
122
752
949
119
501
905
162
695
901
972
625
96
804
483
448
200
150
844
377
178
436
929
750
994
17
333
900
340
208
620
586
661
786
10
176
818
449
409
869
521
835
377
156
903
922
987
552
834
539
502
729
767
913
827
464
627
870
942
607
594
621
772
806
646
517
370
806
301
890
165
234
884
819
295
558
175
704
402
937
621
29
373
735
218
977
389
861
65
824
423
174
372
288
151
728
81
480
485
62
867
319
6
571
338
720
546
680
296
771
263
404
247
734
942
475
893
765
608
981
15
923
90
923
873
836
169
249
739
909
808
949
184
350
525
406
637
984
645
425
737
459
714
494
589
142
86
841
131
675
688
250
374
936
649
421
725
229
3
673
233
980
705
696
823
677
919
213
756
158
620
94
867
822
321
576
427
901
290
182
96
503
355
332
75
452
445
573
2
239
42
404
813
557
120
817
545
958
377
636
932
805
397
2
230
962
958
858
886
688
654
406
877
149
703
717
745
922
910
69
16
125
432
513
302
204
436
218
536
681
179
556
742
887
776
159
951
349
194
827
353
535
261
629
717
801
651
521
557
528
34
595
940
255
512
663
955
156
181
278
368
854
104
338
420
907
947
737
98
418
253
46
708
743
857
274
661
811
643
179
379
631
255
802
361
411
633
318
162
601
466
433
136
315
496
99
665
197
755
198
375
400
205
143
822
8
859
460
35
584
880
816
575
564
966
246
714
610
758
173
774
736
142
675
434
819
430
884
670
208
611
473
181
534
589
202
509
425
764
215
469
275
597
404
331
279
123
924
5
866
849
43
837
823
869
408
356
695
627
52
141
514
718
280
762
244
883
195
508
363
322
200
379
488
44
634
395
155
999
662
93
977
682
12
237
231
956
566
590
618
961
289
310
149
961
14
796
189
727
665
284
618
224
108
875
271
585
506
158
11
190
957
248
564
465
974
828
380
855
477
993
5
196
548
563
191
528
993
998
573
82
985
758
29
741
566
509
890
259
219
905
301
468
142
33
873
566
38
31
844
473
518
100
97
535
13
878
859
910
847
112
729
101
611
85
284
872
200
222
827
895
939
589
76
797
187
682
64
995
255
518
591
684
912
765
414
953
150
937
855
742
659
517
98
103
556
355
859
526
718
200
560
510
21
279
480
875
460
697
488
348
652
168
580
152
751
533
594
687
40
217
264
656
920
535
766
624
199
904
472
691
251
150
281
882
856
242
566
220
740
791
201
461
189
357
598
249
382
152
228
129
488
83
56
789
130
161
534
945
266
942
746
464
314
42
31
205
149
740
959
275
591
465
247
306
639
167
203
710
405
743
830
987
754
343
54
11
179
931
282
327
659
557
90
869
469
549
684
831
305
723
937
559
442
408
4
121
544
565
894
192
26
986
321
752
217
999
869
937
84
758
890
273
481
982
598
951
212
87
775
697
660
80
972
986
622
752
290
395
750
267
876
328
963
822
774
386
271
624
978
624
506
33
587
98
126
369
312
337
440
661
72
517
591
641
546
197
724
298
632
469
213
424
232
881
234
261
521
56
925
911
292
8
598
152
648
224
974
90
144
427
999
252
587
518
752
647
868
104
946
725
543
190
700
966
666
967
234
491
80
565
329
750
797
670
874
664
958
215
93
318
91
240
576
347
462
401
596
485
892
591
902
620
831
790
624
49
677
695
583
185
202
464
476
234
854
736
197
803
302
457
664
901
45
335
414
75
828
275
397
938
454
326
534
739
458
898
944
328
902
16
81
31
108
167
941
396
641
271
413
908
44
251
54
651
71
347
442
128
300
778
303
243
197
925
836
349
512
885
260
200
828
578
661
223
39
460
598
484
903
723
51
713
513
407
670
630
60
115
463
24
737
298
77
434
584
968
620
411
928
270
818
893
645
224
899
121
124
573
607
315
670
623
292
703
479
786
580
175
961
884
121
851
241
954
528
36
117
935
820
110
156
818
945
203
704
393
494
720
995
619
305
462
335
785
880
923
834
773
643
89
207
413
262
664
496
599
884
776
637
746
803
5
136
309
160
633
835
533
747
179
389
897
866
790
925
358
313
750
562
859
644
398
871
94
507
531
545
42
381
314
869
957
573
769
826
351
259
415
466
200
795
230
365
677
149
245
405
590
43
281
662
795
886
348
710
903
590
304
93
728
762
159
117
477
684
535
421
476
356
884
432
367
539
413
265
493
323
149
479
310
674
930
314
181
317
632
758
921
201
985
149
156
957
888
736
912
153
832
833
316
880
555
347
679
823
208
265
552
499
169
673
1
587
7
225
865
664
254
112
538
97
969
227
603
412
706
193
748
122
931
551
843
603
597
488
808
378
240
670
988
82
967
929
235
801
982
895
305
726
153
642
46
229
741
770
698
772
863
460
16
671
207
31
240
734
186
227
647
283
874
837
633
969
213
315
805
277
112
685
619
840
447
429
789
936
43
672
65
252
295
97
200
181
790
578
186
269
316
376
62
747
95
4
840
522
511
294
452
870
165
834
517
589
629
223
693
642
791
870
24
41
247
619
515
883
879
992
798
17
411
784
267
365
485
358
787
775
728
834
193
299
593
58
999
454
319
140
668
980
568
876
827
411
1000
905
891
591
243
573
372
385
938
58
862
982
193
996
469
929
170
825
821
389
453
230
963
882
816
383
336
681
238
883
171
477
222
455
802
914
402
461
437
450
372
466
155
81
512
412
601
630
984
921
737
335
242
417
258
453
243
757
522
7
320
846
984
295
703
910
884
339
63
202
468
321
13
887
641
863
374
667
529
841
502
966
669
278
840
546
926
517
400
116
840
806
71
906
493
985
914
409
339
872
913
468
181
525
807
893
456
529
757
705
521
878
29
606
326
525
789
40
713
571
559
622
466
279
527
559
61
550
406
461
703
937
154
424
4
825
457
555
557
8
716
879
683
335
857
393
16
936
296
251
800
505
791
457
566
123
332
561
145
460
202
889
847
373
696
157
243
859
869
915
698
445
372
830
481
536
492
626
334
88
489
771
710
623
553
938
532
793
675
381
472
105
116
247
53
580
662
254
425
169
597
55
286
557
794
926
632
864
575
949
757
387
780
196
365
723
489
682
732
612
291
3
471
483
17
262
391
785
291
858
508
566
846
984
30
674
231
737
483
966
150
942
29
714
486
639
501
189
188
868
269
861
701
441
697
195
158
928
311
907
676
82
20
425
461
821
641
515
756
64
849
522
561
176
856
360
128
843
768
194
920
527
7
926
843
320
149
25
696
375
225
145
639
917
264
201
723
273
682
403
296
546
974
961
638
307
315
379
54
263
883
54
72
135
518
184
544
250
136
36
368
78
316
791
11
206
884
836
357
36
252
165
71
79
502
618
391
87
37
546
251
970
89
355
233
763
576
151
809
570
886
783
521
867
609
79
393
344
141
653
531
586
255
535
228
84
905
137
401
956
883
407
690
185
114
265
58
52
484
35
792
891
421
501
906
29
976
670
875
214
328
388
560
129
245
240
111
198
433
967
524
484
829
19
446
318
913
7
921
962
435
719
264
773
586
845
525
689
23
298
683
198
699
712
631
244
978
317
858
24
342
533
583
116
92
486
564
908
981
294
209
687
868
866
888
296
38
740
651
246
388
263
156
402
474
112
808
108
542
626
450
150
195
520
145
17
783
826
428
816
398
634
541
719
932
580
768
232
761
615
216
958
835
442
550
8
175
743
390
364
208
338
993
370
39
176
548
531
41
360
694
465
751
286
824
782
667
391
934
195
743
656
62
30
615
825
832
46
458
624
283
5
209
637
289
704
483
802
718
193
767
601
234
877
725
455
368
840
751
855
686
148
713
589
45
271
143
994
597
774
101
695
472
650
550
102
495
5
229
552
969
723
798
833
164
265
452
949
745
146
244
320
923
43
485
896
878
92
752
302
955
477
632
755
75
469
308
951
865
256
547
629
639
96
767
640
343
989
166
551
489
653
972
226
393
251
889
588
450
188
232
648
950
50
394
106
949
720
172
706
667
907
74
720
344
258
967
382
197
797
570
201
327
907
136
116
750
622
457
637
667
670
368
882
98
841
206
809
81
646
820
378
944
657
402
921
232
142
373
446
51
449
231
166
267
266
727
815
962
576
523
56
2
486
941
323
421
46
921
221
659
274
143
139
110
51
64
195
736
806
701
392
928
283
362
84
390
270
92
849
584
741
165
551
42
144
23
557
181
651
702
852
918
264
719
917
433
179
780
608
61
18
207
920
393
132
983
718
841
111
913
654
459
750
93
172
179
954
574
695
66
833
250
317
401
730
746
420
977
462
843
800
373
120
208
849
510
822
919
784
223
531
532
892
842
458
953
957
116
603
199
958
920
541
721
573
379
216
1000
107
838
98
553
399
227
510
346
756
266
690
441
974
741
618
614
239
138
321
993
167
595
303
231
528
929
154
666
96
637
829
497
477
159
776
972
267
503
950
90
115
323
114
173
69
537
607
133
192
168
535
561
295
379
673
317
883
706
24
322
34
679
359
145
889
95
893
980
272
216
589
38
345
333
751
428
709
300
775
407
622
917
130
53
137
742
774
541
797
85
739
666
543
357
600
940
815
402
80
93
793
485
476
655
559
873
344
526
350
437
247
865
553
528
684
14
275
252
290
513
909
511
997
801
320
218
572
936
534
855
674
947
953
750
611
718
803
625
388
862
621
350
527
58
280
91
598
745
601
196
611
865
360
622
136
316
525
268
281
700
664
892
27
166
763
358
874
505
702
498
131
588
655
376
839
552
670
453
12
701
297
382
390
991
891
676
135
397
451
931
856
233
30
842
972
98
173
514
570
317
319
472
311
679
663
173
730
668
553
482
477
308
914
607
43
293
370
738
948
510
584
561
22
734
985
803
36
518
514
259
352
696
822
937
755
879
866
55
198
425
571
318
954
379
929
166
856
142
823
958
286
172
338
291
469
800
974
838
600
446
197
266
4
655
863
156
583
281
734
174
738
610
973
410
73
983
516
644
692
132
433
371
252
854
555
898
816
640
785
471
311
591
362
526
34
260
44
429
528
47
84
222
838
248
723
51
980
343
321
829
31
854
944
713
800
578
910
775
139
234
240
972
207
677
122
461
741
40
502
447
868
742
378
200
678
48
627
717
162
702
302
869
217
297
431
441
561
841
584
449
491
511
827
479
13
264
991
268
513
881
862
394
482
772
200
192
528
957
247
831
328
645
868
379
586
697
539
231
620
239
509
789
383
558
524
593
13
427
546
449
838
372
380
814
597
661
72
264
404
925
319
370
759
635
130
99
80
613
503
786
566
799
95
793
324
936
845
14
382
289
680
630
921
607
937
96
532
142
53
753
141
541
870
360
766
455
115
880
255
303
813
895
688
78
780
840
340
756
864
376
743
730
469
479
33
223
305
390
756
500
449
470
354
653
936
999
433
749
121
455
848
80
338
273
873
158
945
547
484
367
411
856
316
311
74
137
789
837
154
146
993
278
944
223
221
744
315
784
10
948
111
627
171
202
723
561
249
557
561
993
484
58
790
341
569
809
569
789
735
864
59
125
22
18
44
207
358
185
628
622
837
11
478
168
112
867
398
688
154
770
275
234
822
499
113
731
376
150
113
926
142
577
209
299
581
92
559
735
2
766
247
621
553
60
123
44
338
311
63
213
805
659
274
437
560
460
835
205
165
588
197
325
541
394
117
866
789
127
369
79
600
325
701
736
562
297
500
153
547
142
275
875
805
87
166
408
659
912
822
889
93
678
264
313
65
504
787
686
853
457
206
733
501
730
310
62
733
290
553
402
578
872
287
136
718
838
455
86
965
385
67
653
301
582
757
739
652
536
493
54
896
115
709
834
7
850
74
146
349
692
206
853
674
99
525
189
171
266
9
614
832
850
488
125
227
16
841
224
888
91
714
917
549
674
593
560
69
447
37
452
547
697
234
436
943
167
741
112
89
829
958
338
50
112
641
135
953
867
651
364
134
554
616
531
947
986
113
257
697
865
474
433
510
445
764
771
834
514
524
593
480
221
420
621
414
753
385
146
666
27
18
656
341
147
422
257
550
704
227
883
262
208
729
374
922
575
510
309
543
190
535
615
692
373
572
967
6
910
262
782
100
44
261
214
993
672
837
412
272
539
99
911
611
942
344
593
152
804
308
209
236
979
884
716
603
256
650
472
674
493
203
151
699
971
115
115
156
872
40
488
401
616
579
19
512
157
512
634
758
27
848
128
15
1000
331
645
659
752
613
15
599
279
812
967
333
902
714
265
19
308
358
421
794
230
854
264
315
304
248
541
264
284
328
119
550
548
33
737
148
482
523
525
890
822
985
355
795
450
634
486
902
763
132
598
497
207
988
548
105
141
837
827
635
759
205
468
479
803
474
779
818
1000
64
464
765
445
583
128
610
641
370
109
93
624
364
964
1000
614
53
426
508
791
430
646
74
624
804
330
685
820
583
390
793
647
581
963
218
392
454
176
284
355
810
227
72
704
506
713
997
867
484
588
340
429
873
888
295
140
547
764
275
245
738
460
951
260
488
55
701
169
565
64
888
166
497
591
716
384
742
704
453
474
466
187
859
456
842
543
844
733
151
513
468
626
553
495
260
179
555
882
931
670
730
992
992
965
272
36
652
854
470
191
870
526
608
686
968
497
901
201
983
569
324
757
55
850
28
970
993
530
948
748
490
376
813
426
256
303
586
233
985
187
660
78
942
397
132
17
377
494
843
8
391
55
506
157
620
461
701
292
122
178
112
411
427
859
738
975
669
723
53
522
102
47
7
486
293
491
714
871
176
98
598
957
840
12
666
301
983
740
53
496
195
277
880
445
684
978
811
852
715
166
342
487
448
779
225
692
102
526
734
454
291
57
146
937
988
473
370
606
430
982
873
937
491
617
252
277
945
678
38
818
628
170
382
50
761
522
803
682
638
946
189
551
23
588
949
573
673
819
69
157
915
899
241
605
910
183
77
565
672
236
824
30
421
585
878
368
487
641
239
192
42
611
994
342
134
534
107
680
737
392
189
594
931
73
402
600
721
510
104
786
730
61
680
80
121
691
220
919
734
948
404
846
305
916
470
950
789
669
374
734
505
596
297
558
387
143
26
928
908
429
389
424
561
712
434
308
997
886
165
349
909
962
277
42
265
24
338
200
813
29
675
131
77
944
418
637
624
706
206
692
624
997
762
46
555
293
186
82
627
356
284
740
749
161
499
91
539
457
46
478
959
991
405
421
632
711
84
793
528
514
768
898
73
549
850
856
844
785
679
67
832
563
728
101
975
999
303
642
695
1000
224
564
130
228
346
180
855
565
876
468
623
854
361
448
788
860
651
363
174
593
388
66
416
972
659
473
110
624
21
720
585
995
220
682
513
873
834
447
65
265
571
211
398
634
843
716
614
93
725
391
741
960
801
108
793
510
330
495
206
849
174
687
902
921
880
722
192
432
914
691
897
700
481
541
240
112
839
117
46
156
192
340
187
258
276
961
686
619
189
667
661
205
332
650
58
421
867
658
764
528
191
780
462
778
901
224
840
14
629
150
191
661
772
439
861
139
392
263
733
218
131
387
720
980
564
146
142
193
119
267
444
459
826
225
908
495
552
877
402
513
69
621
789
617
159
407
477
847
639
749
70
371
584
877
296
938
272
938
496
558
304
751
636
91
840
254
615
103
813
927
529
260
253
651
84
965
90
626
499
921
734
126
388
12
423
278
223
362
522
51
516
607
293
270
671
379
15
71
466
81
673
572
482
941
212
422
536
753
728
49
715
160
596
652
793
727
244
1000
57
495
923
317
202
695
533
988
605
76
586
162
833
203
461
812
825
127
616
196
887
711
353
986
108
123
102
723
560
840
66
798
40
829
904
342
366
391
847
764
219
326
889
56
287
57
658
306
676
700
949
287
811
489
716
294
543
668
631
911
82
13
486
56
640
888
218
965
609
397
62
260
470
149
785
818
919
267
285
382
35
771
433
726
779
270
667
185
692
345
575
288
499
313
937
954
924
340
884
760
506
677
464
222
306
837
299
411
647
799
875
50
677
1
641
226
803
698
382
278
691
294
178
965
705
740
658
246
698
486
128
241
961
806
351
70
394
763
698
935
970
871
543
677
46
559
241
256
735
301
504
395
956
314
498
873
901
253
328
192
851
952
269
149
314
883
844
964
963
6
255
952
999
740
795
36
464
801
413
92
263
29
314
214
873
604
908
5
652
774
689
488
177
99
511
950
202
770
552
588
927
448
